84 574 1643 629 7333 1784 3095 860 6995 5118 9835 6281 2600 5075 5902 830 9928 7866 6786 6453 3442 7266 4298 5986 4351 4400 2559 9997 3248 1600 2070 258 2685 7130 7369 7225 9542 7498 3210 3082 4403 9557 6891 4150 6008 895 1632 3977 7879 8497 9805 5840 6143 3757 3497 1211 8180 2359 8051 4254 116 7093 4014 7050 3655 923 4610 6780 1789 6383 5256 8532 9777 4036 259 3155 9589 9212 9068 5548 4611 2200 5430 3925 5187 
83 7024 2526 336 6615 1521 1229 8132 256 4967 8615 6994 7979 221 8721 3915 9344 3836 6950 3053 2175 2850 2011 1555 2215 5620 4200 363 9912 3152 7513 7539 7183 8348 2978 9548 675 5686 1772 682 6498 1051 6686 6820 664 5920 249 2767 275 8941 7970 7784 1794 5469 5175 939 3885 6218 4788 4087 7074 553 130 8860 5757 247 8943 3729 6796 2495 8596 345 7009 4223 1175 5135 6727 4059 7244 3556 4220 9978 2091 8380 
83 3545 7954 5833 6622 1960 4076 240 8731 7258 9128 2436 2634 5495 2106 8075 4577 5071 7888 7633 9004 9852 7255 8585 9879 3297 2947 3121 8133 1628 6437 2265 6160 1661 3778 3559 7935 5839 8568 5117 6583 1194 541 5017 1006 3408 4111 2683 567 4222 8744 7488 4776 8061 6066 5352 8592 4924 3023 7223 5626 7205 6242 8936 1335 1043 3959 9381 87 9663 7418 261 1606 4202 3377 7108 1566 8632 6511 8675 5650 5088 7795 3682 
83 6373 3895 384 1299 9460 925 905 9803 7496 9894 5360 6508 565 5763 5903 2891 7105 7215 6777 2180 8870 9659 5132 8212 9132 8999 7158 9518 7431 9139 9281 6916 7512 7460 8145 9941 789 4109 823 655 4279 9729 9872 9357 7100 7251 376 232 9106 7579 6390 9407 5538 7725 6806 1904 8160 7453 4883 1943 7660 8245 3849 5491 1067 1035 5492 1909 64 9019 9084 6817 2191 3516 1438 5573 8489 2377 105 7078 9064 6719 8096 
86 699 2328 181 6663 9118 8573 8798 5601 6851 9479 6295 7372 471 5259 5041 3173 1567 8261 9453 5178 5552 1927 9897 394 2225 1954 4009 6811 8353 7713 3396 6230 4973 2214 6152 602 2054 2219 269 9248 1375 5186 4118 2923 5850 5947 6948 7213 2176 3243 7920 9153 725 884 2616 7096 7374 8502 4520 1934 8736 2613 9887 5079 2672 6365 7083 9211 4564 2148 6094 7220 303 5832 8763 795 5156 4617 3361 1396 2491 4629 5749 8859 6312 6537 
78 7329 2650 3692 8626 6385 4871 9007 5142 5910 5069 5300 2813 8767 5198 4194 7766 4715 2431 6826 9922 8465 1610 5193 7340 7909 8008 5308 8026 2557 8224 194 6985 1177 3045 8500 9780 543 3991 8651 1287 6001 354 1112 5399 5370 6731 6761 1312 4413 7554 2386 5636 4888 9384 5600 569 548 4878 6316 8552 4921 7189 2119 9150 9175 1591 8900 8508 4432 2793 3227 7815 4969 7606 1507 2413 2063 2040 
81 5439 7972 2847 4505 9690 572 1020 3697 8639 1536 8742 7308 6354 436 9279 2982 7511 2635 2267 3672 3691 7974 5844 326 7627 9454 3394 5467 2492 8683 469 3660 4515 2083 7066 5440 6751 4443 6947 5429 7042 4227 8011 1568 561 8335 1924 3314 458 34 2089 4641 6965 9070 1949 5933 7862 6775 91 9964 3153 2904 2632 8926 2974 7319 9218 5288 85 2826 8520 4396 7727 8171 3850 2709 9692 8361 3128 9654 1282 
92 7706 5738 4235 2717 9957 107 1731 3566 50 5913 424 1523 9775 8728 7786 6734 6048 3726 5148 2649 8638 9615 5585 4363 4204 9028 7021 7542 5785 3164 3744 9712 6978 6495 2521 802 5712 6562 4656 6530 9849 1257 8154 9576 3193 1046 7785 1528 9829 6193 7679 1558 8840 7419 7358 1678 8454 9202 2477 8646 9029 8944 3215 8867 2489 4773 2963 5804 8644 8627 2911 4786 1930 3919 635 1125 7711 8673 9573 1922 7472 971 312 4514 7466 433 2582 5789 411 4536 2471 6676 
86 9213 1221 1472 7305 5961 8285 4738 6240 7847 20 1741 2313 2186 3765 4315 5407 9504 2111 5295 401 4362 3225 911 18 9238 6357 1319 6512 8762 314 1474 6167 9190 8985 8238 9681 996 1339 6273 9011 3031 7844 6699 2003 2741 8972 6655 9789 3421 2604 176 8174 2922 4735 7801 2792 9365 9187 8697 1969 1066 4836 6843 1706 1040 7592 7245 9155 1565 3384 706 6485 5291 951 8253 977 96 4731 8498 5265 3806 4532 4353 8694 1804 8582 
86 9035 6996 6645 4486 3880 8382 500 1953 9052 447 1453 5485 4225 5345 2021 3188 7283 7747 1711 2362 9366 2494 7029 1371 5445 7002 4778 9731 1203 5414 1707 5123 5685 9200 6131 5329 3332 7234 3464 3221 9355 2569 4260 2708 4602 6371 3567 3803 6461 8363 67 3479 2086 9868 6566 3119 8922 2090 8559 2981 1624 6183 4516 1149 2887 4631 678 2096 5863 1547 6234 9521 2142 3284 2497 7799 900 7247 3064 640 9980 741 6121 2049 9316 3115 
87 370 955 3051 583 8528 4849 638 2178 3342 5318 511 1010 4060 2059 5101 8200 8962 1897 3533 7669 2340 5050 6868 132 5598 6334 2673 2192 4825 3857 4792 3364 1073 6108 3677 8331 2421 1770 2703 6589 7175 8100 8060 3011 3663 2572 9967 3791 6156 8924 5463 1541 7297 443 5084 4391 5125 5428 1931 7284 8292 3589 9770 9575 5493 7201 9551 1019 1630 3266 2074 8793 4154 5851 5568 716 3760 7855 2093 5244 2253 357 3437 2774 5054 2854 8221 
86 2355 1755 1159 3821 1877 7254 455 9066 6896 534 5447 6057 361 9223 7842 2806 683 8687 5344 4672 6569 3003 8115 1429 6546 3362 9386 1284 4320 3099 5319 3617 2713 7490 5499 4600 3468 4015 573 1413 4479 6264 101 8169 5643 5668 2540 2308 3949 7899 9716 9072 6538 916 6560 298 7761 5068 1270 555 6711 4906 3534 282 1756 8142 3961 4654 2791 8955 7141 3324 5206 8012 9660 106 8963 6587 5798 5413 7165 5993 9918 2441 7601 616 
90 1546 6326 2173 2711 9954 2688 2504 2127 1139 8028 7019 6444 2272 2019 9734 8081 526 6704 8085 946 1026 942 2507 4103 585 5602 7973 7896 8491 2030 7155 5098 5741 8343 8893 398 5286 5710 5264 4638 8803 9546 6109 8355 5136 1440 4746 5359 8088 3298 870 7341 5621 7030 7176 7734 8993 406 5940 2944 5377 3875 1514 3754 6755 4911 2890 4509 8009 8702 5280 4681 7241 5066 1714 8006 2909 3734 4195 5333 8010 437 9462 1228 9689 8579 2653 6403 3573 4513 
86 4131 6810 7547 4301 7146 1000 7203 9646 1182 4444 2524 4633 8205 3813 9594 6742 3194 4397 1743 2773 4295 2609 4867 5533 3226 7451 9515 2445 4932 1801 6647 589 2037 6077 6793 1306 9497 6861 4345 9744 8324 4622 667 3687 6436 8234 8021 4664 524 280 6545 2367 2639 8536 8717 8136 3129 1482 6557 2707 654 8436 2601 5037 3884 3787 1 114 1426 5609 7211 136 771 12 1181 5810 8671 2836 185 4709 6770 9169 6358 6162 7268 9754 
81 4733 1455 630 144 4749 3510 1996 787 9018 9793 7657 8274 5337 6973 297 4212 3661 8018 9425 5455 6577 9142 2841 8527 8305 6478 8138 3065 1311 2001 2749 8372 8043 8969 7487 4052 7707 1461 7715 3276 861 3382 5719 4457 134 9717 6910 5239 1277 694 6260 206 4019 1905 5726 7171 1919 6701 4637 8362 7752 9864 9846 6181 9832 8688 6966 5689 5594 542 272 6462 1137 9121 6590 4370 3503 4864 2760 6263 2578 
88 6579 6443 3160 3736 7830 7000 4931 7331 3282 4795 1041 1304 3304 4172 7913 434 155 1478 9268 3568 493 7941 6467 6714 5994 7239 4144 853 103 8293 1109 4705 4522 2029 7939 582 5941 7846 5321 2126 1825 7744 4331 2305 7742 7708 4026 9435 9000 6705 5486 2625 470 419 4465 5639 9583 3543 5477 3452 3325 1891 5077 3201 9857 1589 2067 6666 9450 600 238 9420 4785 1572 6292 3627 5821 4184 2770 4861 4833 7722 8565 2727 5506 4209 4110 3481 
86 7787 1890 9116 1411 3334 4954 9367 8967 1583 5992 359 5716 9812 7007 2084 7775 1001 5705 2104 7716 6682 4339 5772 8196 6548 9330 8435 215 234 9886 8049 289 6972 2857 6515 3451 9644 4547 4455 2150 3583 1101 8152 5055 5786 9448 7597 5480 3797 418 9706 2132 2669 713 2131 1793 972 5983 3852 5640 9939 8903 1022 6067 9374 2869 2825 2906 9494 1871 6243 6041 1687 6113 4344 9961 9788 2405 9502 2213 9053 8975 2506 2372 6715 9174 
87 2636 8460 291 8474 296 2694 4989 2849 2690 1821 5470 3742 4905 9449 2953 3581 5944 2345 687 8319 1209 6036 2916 5314 6846 8272 8001 6188 2998 57 4529 9640 1318 8679 7421 1479 9760 8276 6934 1888 9456 3727 9936 6749 1225 340 7395 4138 7156 5025 255 7664 6037 2006 5171 6656 1692 2777 5518 8990 1360 2164 2568 8464 4440 1916 2258 5207 3585 2626 3686 8288 5684 552 368 5231 300 7200 5630 6421 2280 4322 6114 9758 9436 4756 4330 
89 1247 7792 6011 5247 5029 7270 2902 4694 8946 8038 1781 6288 271 8812 5799 8604 9232 2720 4170 3565 435 2179 5769 6717 9953 166 6074 3102 6448 8973 7823 9950 1129 6875 527 8448 7131 6667 2638 878 8666 5402 4182 2334 8062 2419 3940 9282 6595 3060 7181 9855 3440 3365 3327 581 3494 1354 674 4377 262 8218 338 6204 8022 6496 1502 4758 3289 8925 9285 1993 9134 3335 5972 8896 5049 8564 758 8104 4258 5580 9973 6660 6986 3522 3366 3904 2418 
86 4217 6772 7878 1439 3684 5044 1654 9017 4248 5737 364 6492 6822 1153 495 7450 52 8988 7902 9582 5099 9870 5909 1703 4545 6718 9669 1533 4818 651 525 7816 1441 1462 6058 1081 7911 7088 2318 8235 8696 4307 8370 8233 732 4847 8814 1776 7628 3841 7593 2718 2742 1158 35 7770 6210 1873 3874 4528 9097 8151 2546 1945 3994 8741 3339 2048 9983 8126 449 6639 8874 8462 7590 1670 6536 3794 6867 836 9331 4530 5637 397 2404 2712 
87 8053 9598 9461 3485 7656 2128 3141 4495 5524 6070 4369 9990 4070 8541 587 3352 8611 7600 6125 609 5387 3784 4872 1031 423 9041 3889 643 2022 8143 6052 7499 636 5481 5061 4893 5715 696 1091 2734 4149 6402 1156 3486 833 7803 2525 5825 979 2199 7379 4253 6080 7037 3664 5378 2595 2776 6319 5905 4190 8930 8228 1590 1075 1273 1140 1948 2315 8853 1501 592 6457 9299 5435 2877 2332 1719 1887 1843 5908 863 5728 2013 976 5043 7996 
90 9274 7377 6179 8877 9051 668 4446 7751 8850 7692 590 8574 5422 4207 697 1432 844 353 7216 3835 9253 9321 9859 864 8214 3872 2358 5346 906 9969 7906 4007 4393 1886 7495 9246 1476 1796 4934 7434 7128 8438 1290 190 2870 9403 608 4045 154 4318 731 2081 3436 959 5157 7501 6925 9740 4620 6802 5253 4980 6378 7649 781 9837 1106 1123 7576 9082 9297 9599 1487 1851 4442 6844 7173 6158 2198 6038 5783 5233 6447 1766 5984 104 7961 1967 38 510 
84 7481 1085 4948 768 7530 2231 9910 5932 3894 7191 8634 7252 6695 9474 549 2900 4079 1515 894 6406 5919 913 4913 3552 30 6630 7763 6050 6852 4181 6039 9597 544 1222 624 3019 4787 1392 6960 6375 1746 3657 3169 4851 9107 6926 1511 6187 1249 5353 3770 4608 9493 4376 7756 6923 9310 810 2368 6519 7873 8130 9446 7543 2470 2794 2349 1198 1412 982 9 3360 4539 2147 2895 8298 4102 222 6117 2585 4900 7782 5437 6430 
89 1345 9626 2162 2912 6864 9618 5219 2752 6643 2357 1722 6294 3891 5768 3029 1816 4774 2969 1773 8578 8386 9451 8974 9220 4319 1402 8262 9370 5396 9432 7256 162 597 8952 5859 9984 3590 2610 1809 9581 1465 9265 4831 6756 2052 2865 2606 647 53 2980 7991 6081 6392 6830 6124 7068 8599 1179 9650 8477 7699 6703 2591 8790 1668 7638 6909 6814 3514 4134 3938 6147 619 504 2552 1387 1015 7854 2715 3214 4755 4380 1623 8795 4004 2761 9208 6102 9324 
98 3701 4828 5628 1227 6379 6060 5770 4583 559 2892 2379 684 8314 9698 5733 929 342 4179 3673 6620 7316 4040 8303 7881 4995 556 3772 5831 6006 992 3702 4857 5527 5426 6290 6029 3018 5960 6854 8280 2951 8747 3139 1477 792 1700 5168 4937 5275 9056 8112 2222 1070 1188 7868 7572 421 320 1586 2088 718 9105 9900 4859 9045 4614 3435 4461 6297 5547 7012 1099 4350 7121 486 7975 1760 8326 1111 5151 8400 9996 656 1510 7933 4142 2429 4894 8904 4603 4382 9001 3595 7839 2249 6427 7 33 
92 4525 557 1164 484 9674 7505 7172 9291 2185 970 3041 6554 8146 1860 4726 7174 3415 6644 4383 9631 5475 5159 880 8560 5112 5681 5451 888 464 6325 1952 244 9878 6977 347 5350 8515 6412 1048 852 2207 9080 8121 6634 5870 1420 4865 1863 7798 7362 5714 5718 1147 9322 9193 7040 8367 9245 1516 4590 4716 4484 8616 6163 2116 8833 3275 9338 7193 6110 821 1644 3200 5723 2643 2447 6282 6621 3151 4713 897 4266 3417 3311 1170 596 5542 8915 1753 475 9015 6438 
90 7479 8624 4573 1758 4768 8677 2170 9847 9445 6093 2710 78 6563 2908 515 2693 4659 2811 3869 6025 8310 617 7767 2184 4151 4804 3988 978 1183 198 7618 3378 1799 6291 3203 7477 9499 3021 7894 4771 4928 8201 2060 2434 2476 5420 4287 2394 4856 9093 9804 6547 3747 8994 3838 5572 8211 277 3649 9283 6310 4845 8658 4372 6561 2747 6123 165 1220 5999 9079 2731 1625 6525 2033 5968 838 2442 5790 920 8977 7411 1248 7928 8693 3098 4692 4994 1372 2177 
86 814 7365 3039 3997 9921 1473 990 2955 4226 6789 4548 6474 4935 2750 4821 9452 3346 7575 2737 6458 4297 9786 4017 7154 6767 4323 8323 9199 2880 1272 6544 2007 3541 5307 3966 6865 1460 6336 1725 9538 953 6889 6261 3224 4424 1629 8255 4781 6790 4189 3532 1404 851 5419 6212 7462 7958 7930 9484 6470 1798 2516 3887 6459 2326 3117 6834 6401 4551 8725 2977 8909 2992 6514 9467 1814 632 7905 4686 3703 4919 3935 4358 4215 9510 9359 
98 1634 9418 2112 4975 2533 6813 5106 1104 5170 8630 4984 8698 4752 3856 76 2433 8735 1790 3469 8712 7163 7135 7617 387 3638 5149 8724 4891 4427 5822 7017 6374 6897 680 3255 4985 3521 2297 631 89 3812 3127 7291 8287 9895 5583 3860 1095 9968 4876 2966 606 8395 1893 6087 1133 4338 2443 8656 427 8645 6361 4926 5126 6553 5357 2716 6883 2243 8294 7079 1275 9492 9047 4703 4604 8864 265 1466 6895 749 7246 8530 5221 9559 1981 7632 5690 826 7277 3815 1381 147 1148 1021 7596 3771 5391 
95 6300 4909 5925 3756 8403 2483 8320 6679 494 4592 9040 7796 2316 5706 666 5820 4276 6244 7212 8866 4568 2647 5607 7825 7051 4609 5240 8187 5616 9216 9120 7355 9214 5837 3628 9519 700 9595 2343 8723 3985 2652 5235 5835 1117 1817 1030 936 1839 5334 6664 5665 9061 3183 5272 927 1980 3195 563 1845 3449 4411 4627 8431 6932 65 1103 5680 7741 7349 6765 3216 6847 981 8113 7524 6914 7382 7065 9178 4094 9443 7956 9555 6842 8567 9275 4178 7118 2950 5575 5523 739 7311 3833 
93 5497 8505 2036 8542 4955 3222 8089 9779 6056 8886 2511 6747 8473 707 6194 5959 3101 6893 1635 1379 6808 8273 4271 1317 533 5880 8618 4635 3871 6235 8014 7126 8958 7728 933 6142 5647 9251 3749 1208 8350 450 625 9845 4588 2934 2530 5599 7199 267 896 9031 5924 4058 5143 2160 5059 5646 6674 8135 9523 4398 6531 2499 2102 6720 6200 1289 4286 4646 4033 9478 6308 3110 967 7508 7039 8340 5754 8749 903 940 6309 8710 1835 4460 6202 2961 9236 7075 1269 168 3716 
89 4476 1459 5898 6381 6254 2959 7109 5874 5388 5438 3834 4951 7337 4300 8254 9890 8844 1435 6145 5263 5502 5230 7367 2979 9032 4352 6054 7133 6424 3653 412 3375 6931 8720 4116 6984 7641 131 7138 7677 3922 5141 9999 5205 9550 9256 8307 1495 7204 5934 9509 788 7020 1187 1347 6033 9157 477 3898 8832 4993 8845 8401 2970 9934 6528 7947 7749 9008 5340 2 1283 2024 6186 3426 7493 1206 5144 4237 8669 9727 516 2603 5951 422 1823 5974 5476 7452 
93 9059 149 6911 1738 1042 9884 9565 4071 4890 8162 1114 9369 2509 1434 4943 7375 8756 6132 37 7867 9705 3830 1003 4365 3614 2886 3124 1483 3490 4309 5161 5617 6741 9585 5886 7185 2461 601 295 9807 6032 2527 6245 2942 5418 478 2410 7732 5401 2196 6540 1486 4275 8919 9468 5234 1054 1326 8083 9528 4531 3724 9923 774 6428 4139 6937 5847 7574 8266 7762 6920 7476 9889 2310 8550 3723 4502 4970 161 3755 4982 6350 360 3094 6380 5781 7415 4770 3544 1506 4157 4682 
96 710 9992 3947 4416 9531 7427 1366 3618 5162 6592 1660 6071 7142 3927 6368 55 369 1806 9854 284 5184 8257 479 8733 8619 4483 1295 4081 858 4437 227 8529 5163 5498 5849 4169 3873 9774 426 1259 9947 3233 1399 4456 4842 9427 4566 7967 9078 9289 9173 9955 1742 8829 8381 8457 6876 4618 5292 9254 8629 4121 2275 9488 1956 937 1193 2586 2161 7323 8153 6735 4730 3320 3584 7054 4987 1846 75 152 4196 7338 6845 2290 661 6968 2852 7780 9673 2181 4728 446 772 6382 8787 9189 
98 5003 3318 2787 4668 9257 2058 7587 8236 4469 4356 2829 8495 1215 7363 4850 3271 7566 7836 6302 9402 2439 8726 760 1050 4593 1642 7665 7807 7016 2984 2046 9397 207 4889 7745 6746 9745 2123 3818 6257 5550 9842 6949 1869 4661 9400 9332 4364 2392 3594 5421 5699 5227 83 7478 5797 9280 7755 8107 1268 8551 9877 9426 2105 9065 6784 9269 3509 1464 1867 3501 3710 935 6827 5034 8079 5584 5696 1468 6567 9025 5536 9089 8193 6251 1936 399 806 6760 6075 5930 1384 842 6804 126 1445 4841 2775 
92 975 6073 3540 7500 5608 8144 769 3800 6455 3261 5448 4660 2926 1579 2018 9099 8003 6019 4049 1237 6675 8483 1982 6558 6898 1640 8027 488 6987 5153 4256 5472 5330 3808 9295 7821 554 4473 9693 2544 7953 4839 3355 6788 6079 4478 2848 7651 456 5596 73 5078 2255 3054 4274 6739 3254 5427 3564 1288 2803 777 637 7446 1017 9560 4708 3434 5588 886 8275 3049 6099 7014 5970 3768 5185 1620 335 5166 2556 3062 2360 5395 4148 2020 6708 31 2528 4333 467 8590 
97 8507 9470 9123 2640 117 8215 8847 6426 5104 703 4747 210 1525 9259 3712 1681 1940 3274 8965 7474 6716 9679 779 570 3758 111 3524 4974 7922 6526 9537 9851 4877 9622 6293 2449 3253 4725 9593 8878 2217 676 4704 7366 4862 108 3998 9587 4964 9666 1689 3956 8106 1315 4895 4085 926 7924 6807 714 7360 8023 3159 6209 8897 8823 5279 1492 764 8046 4575 403 4388 6771 2508 1676 7313 3513 8347 8774 4498 1783 887 663 9700 5212 5051 1357 8387 7102 891 7583 9205 9701 4083 6552 4846 
100 727 3157 9718 5979 7580 2197 7207 8942 192 4886 1645 4273 8429 883 9203 5338 15 910 5888 9938 6076 2642 8711 813 9704 225 672 1262 473 8232 1447 4250 2671 5013 1694 5515 5591 8383 2008 7507 8250 3083 5904 5987 1136 4830 3820 1896 8251 4880 4185 3968 6394 7391 8729 4576 1913 3296 6513 8375 5026 1848 6855 2259 3237 2456 2651 8588 3858 9620 4817 6981 6262 1818 9293 2512 5901 1669 7099 849 6831 9457 3433 8090 3487 907 4942 299 5403 358 5490 2240 9464 6348 5743 3659 8284 3447 2382 8891 
102 1537 6900 6120 0 7208 8899 6484 6277 9670 9686 2522 8488 5444 1682 8901 3050 8404 4155 5341 8177 9363 7170 7458 790 174 8610 9180 1238 3424 1195 84 6588 1337 3002 3512 5735 2532 6274 1076 9313 218 4761 7779 270 6952 4342 7598 8584 848 3256 5894 6216 4174 6471 2659 9242 8583 2002 1585 1854 8954 5443 6314 4956 6088 1822 4311 2736 892 7003 505 7243 4543 8690 1355 9719 2818 3647 3091 8998 5872 7595 393 7089 7262 2822 9792 4466 3134 1034 3100 2295 6729 1697 6840 874 2251 1968 743 3430 1947 8951 
105 2042 8716 1975 9145 209 5289 2714 3132 2867 3385 2996 4720 1191 9667 1058 6736 4255 9831 6345 7084 7267 7599 1049 6899 8481 5791 8256 1245 8263 948 8364 3146 7449 3211 8906 3301 3432 931 5201 3386 8758 1308 8366 8512 9520 9328 7773 6613 6522 1810 3930 468 1639 517 5953 2621 7765 9500 7394 6035 1082 4793 2919 1258 4534 5860 2239 8800 3372 5152 7645 7381 6748 1531 5698 5534 9302 8478 6633 9914 6521 6340 2303 7359 6085 451 4022 3658 7710 9115 1914 1656 3354 3349 5087 5867 5669 5036 8102 9813 5134 1508 3748 3848 4853 
110 1601 8836 6422 5912 6399 8418 8752 7148 5679 3475 8964 2786 8327 5713 5868 6955 9664 1427 9071 3822 6482 9301 2158 9998 3555 3016 9390 2401 715 3913 1964 8607 9392 2167 649 5982 2663 7010 9513 9905 6454 800 9244 3379 5531 120 4978 535 6265 2411 2897 5522 6815 688 3972 7389 4435 5327 3166 2937 1450 6658 6409 576 109 2129 5856 7872 867 9161 14 3788 167 5773 9237 383 9240 4630 7646 2322 2678 4623 7188 9144 957 2496 2268 5672 5767 5827 522 3111 9021 6819 5989 1128 5973 1393 9098 3798 6597 5063 2480 6431 8709 660 4063 9798 5140 4415 
105 180 4349 2746 1341 5483 137 3847 1918 2339 7884 2306 3264 7195 5040 2515 1898 413 8503 5232 7426 8706 993 8033 2299 2536 6410 8093 7436 3279 6465 213 2284 3008 4450 5458 2478 846 9746 7963 7859 5946 5076 366 2475 1491 6698 3267 82 4902 4061 7515 1838 2344 1291 4968 8535 4875 5174 7637 3912 1621 2333 5603 6154 4626 1830 5409 4198 9711 3993 2293 9688 1302 6442 4488 5952 8707 8405 9529 9682 9880 3774 6556 3777 8231 7998 3645 3390 949 4302 1322 2005 9771 9069 2637 3307 2762 7522 6104 281 3168 812 5202 6144 670 
108 8521 521 770 4799 6757 7977 6565 5150 5145 4406 8424 2133 4760 6991 4452 2206 3208 7631 9986 9753 7497 7218 1985 4127 8304 1747 66 7506 745 3317 1926 9221 794 7304 4782 3055 8455 1923 9300 8655 7271 6951 5890 2356 2699 6353 8057 1116 4628 2765 1883 5057 9042 1210 3262 4873 3759 8054 8064 8765 987 8605 115 8216 5556 2828 7588 5949 3587 5027 2517 9167 5215 9800 7790 8029 1458 4474 2080 3606 4915 9379 7076 5022 7286 9795 854 1611 9375 2925 3165 3398 5380 6151 6730 9558 9428 356 8531 4723 4930 5649 580 7190 7412 4813 6941 7852 
109 2550 3944 7011 2286 1361 1685 1775 4533 121 7658 9825 2929 9389 1732 1052 3066 4165 4147 8349 3975 8732 9003 5155 5907 4375 7086 8960 9873 8249 9981 6432 1377 1251 9527 4268 6229 7876 6096 3170 4809 6710 2502 4080 4166 3557 7611 2542 2292 7850 9713 6355 4863 8080 1674 3212 6115 575 945 4098 7538 8808 301 3530 5181 371 292 2931 7111 2915 6888 8910 7053 6363 5137 9225 1800 1496 6064 8042 2051 5895 5255 8996 8330 6228 6936 3983 3202 5861 2365 5128 740 3886 1609 32 4679 88 1855 99 1421 2779 4966 7265 6369 6259 1673 9614 5923 2279 
99 9577 3741 5091 8689 2064 1418 1044 9090 9131 5829 6331 2194 6408 3228 7047 5094 7164 4257 6964 7091 7863 2943 7534 5756 8167 9388 9511 4156 9196 6982 3476 9239 2211 9414 9817 686 7250 2273 8780 8875 7563 1563 9588 2329 9241 1986 4489 4395 7968 6258 6051 102 3258 8914 2354 983 8496 759 3579 4754 1612 2529 9217 8101 7303 4244 11 4798 3404 2594 3489 6509 7052 6689 9050 8423 6988 6794 4683 8674 7129 4360 3980 5526 7921 6629 8802 7694 4899 6524 3917 8013 962 4480 3932 193 2927 9580 7591 
100 5065 2417 7278 7733 9048 4006 9896 5165 8548 6837 566 9596 8058 135 6510 8570 8526 5595 4553 4797 5442 5293 1014 3071 2223 7840 9625 5316 4596 6882 7885 7343 9135 9874 1285 960 734 9814 8647 8561 287 2739 49 1665 2408 8686 2242 5000 980 6611 8884 8811 6237 4751 965 3326 9224 7673 9799 58 7926 6135 6272 4245 3827 2307 6040 6021 290 42 7332 8158 641 1480 1196 7965 3897 7348 1735 8463 8680 7404 7015 4428 9429 1080 348 8499 7695 7167 7696 989 9141 3974 3632 6155 5383 2933 4538 7293 
101 793 2785 4259 2263 5581 6494 6628 4696 659 755 6003 3674 6214 2796 8846 2500 3881 6141 8374 8163 4823 2883 5778 217 3957 7586 9633 322 4042 2121 3546 233 113 8979 9888 3013 1415 4186 6090 8159 7705 7774 5958 4739 6329 5453 6646 220 1214 6416 7985 6343 7528 3234 3328 8493 5815 4732 6184 4357 7612 6332 782 6473 9033 8097 3232 7210 9806 1578 5203 7994 7771 7946 1571 1368 7615 9592 9995 4698 3855 7976 1695 816 3416 9566 2730 4390 2324 5195 5707 3347 8192 4051 9421 1950 7067 5648 9094 9192 8608 
110 508 4192 8704 3006 6351 8883 6798 4981 1105 4585 3982 8636 4574 9586 1941 8664 7993 5103 44 4647 8487 8921 5732 70 2948 1470 4112 5241 7564 3196 2801 7736 7721 7864 8394 2735 9715 9619 6389 4299 5615 416 5936 4541 2117 5893 5917 3453 6450 4636 4581 1903 2271 8313 3491 5004 3182 5539 3410 8628 6201 4837 8341 9424 5807 2487 1380 2012 7667 4025 3223 169 8037 6857 7085 5682 3156 4790 8855 1671 4519 3199 657 6136 1832 7035 5284 5759 7748 9096 750 693 7144 6671 6189 5918 2676 8371 184 4554 5876 6065 538 7027 8805 2157 6873 330 1135 3843 
102 3067 6169 1138 5975 9628 242 2277 1935 901 4445 9601 1518 6203 4162 202 7388 6460 8120 9466 9364 8577 6168 5610 2488 6241 3351 7887 3908 6337 8415 7893 7261 8116 7672 9016 8601 2348 1342 9002 6929 8084 4412 8771 3799 6856 1422 7813 6250 747 1899 4753 4213 1712 7408 388 5109 4024 811 1849 485 1574 7883 999 7668 9752 5423 328 8258 2331 8937 9472 1512 8019 3035 8589 5001 3715 191 4326 2463 3180 5667 9876 9772 7686 2788 7463 5208 2000 95 6191 3562 372 6974 8322 5052 2390 9508 7055 9358 6824 8441 
104 9345 9611 8055 3714 2664 386 1077 2985 7025 4135 4187 2252 6119 4454 7469 2072 4712 6738 3976 3547 9133 177 634 539 4176 9821 5464 9182 7809 5183 1230 2458 4291 7687 4526 776 4367 5511 1529 6908 7724 5896 9552 4236 2702 6534 6417 7607 8681 2896 3952 8209 595 9904 5702 8835 8070 9911 8703 3570 9014 1416 6233 5189 7080 2885 4918 6130 709 1615 1761 9102 2071 4308 6349 4584 9726 9909 1113 5246 9613 2314 92 2077 3422 1622 3907 6571 8338 3906 6606 4605 9441 1613 6570 3012 6692 2839 6640 1554 1504 6009 8413 9844 
109 1895 1489 243 5484 9891 6500 3681 6239 1013 1401 2247 316 157 3238 7221 568 2768 6338 4690 8065 1662 1231 2369 6356 807 3611 98 2232 9286 3631 8701 231 4829 6246 4625 6211 4167 7674 4247 8670 4475 1974 3269 2347 3914 5701 5911 2783 8289 871 6112 2821 8308 3646 2784 3921 1696 7082 9373 4328 728 1562 4011 4722 5862 4203 6022 3287 7149 9022 9034 2995 6055 4240 6333 7433 7409 2824 9507 2380 1132 4598 5879 4218 6928 8591 6391 9062 4068 8983 8229 2204 6180 9724 7274 9124 4546 5745 9948 7811 5095 8092 5496 7238 3817 2627 669 1328 4193 
108 2535 4963 1582 7445 3525 9306 5200 6012 6252 6086 1680 2861 241 840 1098 5694 4425 2384 6398 346 2311 8185 1836 352 1911 4777 7371 973 3337 3882 4775 1141 7804 6753 829 6423 4674 4175 1060 9129 9490 6624 6607 8562 2835 3868 4721 5262 8484 6648 5782 5981 4511 3602 9517 8295 1602 3293 3400 2772 1587 4261 8299 6298 5113 2879 3578 7224 1185 6961 3027 3851 8283 2733 5021 2845 6860 8052 7622 9188 6838 7116 9942 9684 7731 4114 69 6559 8103 8384 2838 1276 9126 5658 2728 6116 6907 5434 8002 2732 9186 8176 4714 3796 8569 8719 4500 6360 
103 9818 367 5261 6783 876 2820 5734 7701 3344 9578 4199 1912 321 2790 2039 8815 3058 1861 7104 8894 2073 4177 1197 4288 1028 9165 8935 4229 4426 1074 7827 7240 9404 797 9329 7186 4996 7614 2620 8170 6324 6285 7964 8997 3072 550 2812 7960 8692 8077 7797 2233 4106 4805 7448 2855 604 4556 7013 847 3764 5633 4130 307 9393 395 2376 5622 175 9836 9856 1189 8831 995 7364 2301 547 9261 6657 8801 5223 8934 2563 400 9114 4687 5638 6779 7182 7444 3607 7429 425 7650 3842 2281 380 6523 4972 7629 4361 7718 3577 
112 5192 9183 799 2972 5956 9005 4652 3604 5991 7759 8518 8857 537 4494 9315 9843 2342 4707 420 5854 2269 6787 7378 8773 390 6764 9820 8252 958 8851 2681 3498 4843 2435 1844 4892 4676 3007 339 2763 4582 6568 2427 7912 1094 2137 3330 5326 4335 6586 3130 9725 1370 513 9350 2940 9075 8676 8410 564 3089 9172 8036 9680 3986 7095 1708 1907 5347 1202 9162 9584 5828 5540 1475 1279 7098 5441 8920 4613 5629 1631 3092 5916 7197 317 6199 2014 3624 6959 2075 7456 6636 9924 7936 4327 1165 6165 6138 1436 3033 1192 6166 2371 4742 8179 6737 6922 681 9130 8466 3299 
106 9867 639 9683 7730 3073 4373 5995 7886 9380 3259 835 5462 4559 2140 8452 5695 5038 4119 4251 2028 819 2244 1944 3131 588 6208 1971 476 7569 2270 8667 7322 1307 3859 1690 1018 3107 4702 9160 7062 6220 1358 8511 2234 4262 7346 5814 496 4986 2108 1603 7537 4101 2956 9982 512 5843 5431 6733 3688 3883 2294 2061 5196 1702 702 4815 3184 3909 2817 3612 3030 8426 1658 7298 3158 2168 7354 6578 5218 2428 8194 9108 1757 5510 4979 5530 6625 1454 3731 5634 9791 5005 8911 3626 3052 8297 2366 6976 2165 855 5331 3441 1576 5614 5655 
112 5376 1446 6043 2875 9991 6178 8863 8494 179 7957 350 3694 8556 6046 7943 9036 178 5108 8063 1033 1553 4838 2580 4812 4180 4231 2964 9987 3807 9571 754 2758 9784 1451 5509 9544 2888 5398 859 3745 5335 6823 1134 7457 1745 9840 3792 1666 1709 4075 8296 9642 4765 2444 7917 9543 6175 9204 2221 6362 4925 3368 323 5504 9480 7307 2561 6287 6696 8806 8980 6975 3639 744 4113 5632 1309 3484 2987 1281 208 5048 9755 8244 6198 2466 3313 9067 2884 5793 8885 9009 9933 6387 5310 59 2670 3853 9038 8572 5541 5009 7046 1542 1667 1428 4027 8682 9284 51 4402 7860 
109 6542 6196 2614 9602 9326 1992 1145 7464 7435 7177 7440 3028 1294 9979 2682 798 6372 5644 4621 8976 3640 9935 9148 3163 8882 9850 3943 6632 6651 4035 5199 889 3520 9054 2554 7484 5236 7396 9483 4570 1456 2579 2289 5766 8987 1829 2991 4013 4055 7031 4540 8513 8207 1881 2513 3444 9554 6702 8318 4115 5512 5297 9378 2843 909 1754 7242 921 8769 1171 1463 9773 6464 5826 6801 1808 2581 4662 7704 8344 3499 994 3571 4562 5549 3548 5922 9058 3599 8048 4832 1733 5884 1771 6836 8073 22 5432 7482 7059 3616 1915 6320 8000 146 8456 4381 2611 8433 
118 8388 8450 1500 8895 8822 5119 3014 6825 2256 3675 3600 2757 2589 3079 5885 4999 4433 3176 1626 2250 5028 4784 2704 3652 8525 2409 8417 6415 3034 7735 5645 5296 4123 2395 3996 3989 9547 6759 1002 1785 1786 9675 9567 8041 3187 658 382 4808 7980 5277 5709 8643 9750 3720 5306 5677 4701 6877 7988 9360 6126 9055 7940 8902 6641 3816 8030 7578 4173 8557 4472 736 2856 7004 531 5801 431 6404 6192 7321 3001 5030 1684 8098 8168 7063 7033 8948 1036 7103 9841 1653 9512 2862 6732 3667 8516 8648 3209 3780 6600 4518 5473 5977 5931 9252 2837 6858 7206 3000 1346 7585 7874 5194 2646 1481 324 9043 
112 3017 9154 7675 1331 9197 4855 6874 2238 4277 8220 1569 9030 2700 3088 4971 9696 3105 1363 6466 1526 5039 9862 466 6661 3025 3474 8600 1520 9787 6429 4125 4462 2383 7541 1748 5305 2576 8175 9743 9649 3719 7738 6605 610 7115 775 6743 9352 2986 6614 824 692 4126 1278 9960 8358 9662 6768 248 3244 1088 3542 9908 128 223 9463 7778 8111 805 1527 4658 2691 5605 5978 3752 3140 5010 9741 16 7544 6795 4882 3511 9637 1157 5631 8737 7688 518 1917 2587 344 4267 8385 2656 2237 2958 9233 1184 986 8858 410 8602 9824 1734 163 239 5465 1423 9505 9522 8821 
109 2336 1316 4410 1972 8479 1064 5990 2938 698 8354 612 9405 6516 6013 9207 6863 1717 3175 3593 9346 4205 9307 9608 3767 2541 9645 2549 9010 9710 3634 9636 8881 8282 8817 2936 998 3405 6535 5287 3229 6433 1637 3 8621 3290 4146 1715 4092 9607 8204 7006 6053 4163 5107 5332 1256 5727 3217 8425 4700 8718 4329 4160 5948 8468 3329 8544 6400 7929 8830 7655 3905 5298 827 7383 5032 9171 3924 4332 2705 4269 6723 7900 4826 4292 8123 8739 4232 562 5555 5216 3246 4657 2087 9574 8861 4639 8069 1970 5674 5299 5324 9526 3206 4597 1293 1425 4304 224 
120 1705 9353 6411 9970 4807 6593 4724 3303 4153 5651 5365 9060 1929 7573 2553 8072 7934 8807 3950 3840 8329 1889 1744 2338 2679 5225 4270 9006 8419 3472 7226 9235 6637 7184 2296 1987 1045 4718 9899 4693 5569 9112 8359 5016 237 2957 1216 7746 924 6367 6238 3106 7336 3403 7180 7425 5567 2751 279 9721 5623 6599 1819 1580 6998 276 7764 3936 6505 8156 5864 145 9903 3665 311 2686 3679 8791 8199 3242 6740 5501 5554 6921 9159 379 7950 5085 5018 7198 969 8222 2151 8259 6342 7260 6289 7041 8841 7299 9742 2389 1071 3042 8059 6024 9848 6327 3345 9759 4368 9278 7581 7527 5459 9323 720 1664 9656 7892 
120 7952 5535 9747 4399 9349 118 2220 7327 3987 7548 3015 6574 4136 6395 1646 9318 10 5325 4697 2654 7634 5954 1059 4689 4458 1636 8197 142 6859 8597 3373 5488 6797 6396 7989 4820 1966 343 5736 8271 8321 6072 1430 3260 9012 6045 7400 4470 8947 5115 3333 2082 29 8545 6118 124 4769 6286 8751 6956 6491 7060 6668 2416 7352 7269 9276 1874 2687 9920 2451 3775 9271 8281 5929 6890 1330 1977 6004 2120 170 3109 3104 1698 831 1488 9195 9170 3601 4034 9556 7944 7334 1811 2274 5302 158 737 2468 3769 5824 61 7257 3918 2415 5062 7826 1405 3941 6969 8317 133 4492 3903 4347 5871 8360 2935 6248 1007 
131 4359 5671 7475 879 8078 7895 5546 1090 1962 3870 1723 3737 6017 7640 7413 497 9111 365 7437 8575 540 4242 1096 6023 3597 7875 9273 5182 5855 2588 1807 5093 8665 9925 8437 1394 1199 7832 7455 5268 3558 3536 9362 9808 4453 9572 3438 4392 5375 908 6174 6940 3789 4939 4418 3395 4429 633 9117 196 6610 6456 6231 7529 5950 3004 4517 9971 7236 5417 4870 5177 9439 1868 8770 2551 8393 605 7518 5011 4000 6330 7613 3044 8040 9524 520 6848 3273 8523 1072 6652 6543 738 753 2479 3480 9730 6803 7623 7849 1232 6276 6989 7489 1551 9506 9590 2031 4485 7959 3144 5315 4591 2602 9768 3969 7398 1978 1550 7470 7990 6721 3336 3085 3411 8076 9965 5468 9749 2592 
122 1759 408 3310 2482 1908 315 6084 2099 1110 5771 2973 8351 7781 8838 2725 9168 2403 6944 3078 869 5748 756 2486 4419 5997 2227 6407 4976 3190 1027 405 7324 8961 1338 2545 5471 4927 8633 5404 4561 7962 9376 599 1683 3465 2467 2872 9703 8768 6945 3934 5064 2698 5507 8155 5358 6227 961 2641 8301 1797 7553 2756 5362 834 4767 1448 1876 2766 8067 7317 3740 2583 4086 3828 2107 1774 2388 7087 3718 673 934 2283 8094 1400 9027 1842 6596 3075 1824 432 2453 6127 917 7287 7740 3654 5562 7486 4032 46 6472 6602 439 8617 1065 7390 1834 7532 2235 4387 2928 4685 6449 9433 7624 4439 9496 8940 3899 7310 9769 
123 2254 5364 8122 2726 3666 6992 8246 6781 9444 1650 7447 4874 4908 5618 6177 5662 6697 5130 9764 6997 5873 3288 9525 2285 4645 86 7253 331 7166 1548 2658 1549 8470 9562 6452 6296 43 2309 5666 5072 3231 3353 7945 5532 9761 4078 6307 8230 8129 2101 6766 615 4616 8409 7110 2402 882 5817 7533 8444 5543 1614 5412 9184 4108 5976 7350 3554 9243 2738 796 2459 2412 7768 1350 9226 1056 4374 385 7560 1172 1118 5704 8134 8117 6835 8178 6654 4031 2298 8357 4020 189 5606 4132 9085 3502 2878 6359 4133 1383 2962 8188 8785 2661 5127 2201 3010 3588 5031 9993 6317 293 2577 3063 7428 6816 6213 4206 4619 153 9919 6280 
121 9869 2092 8161 6097 474 4537 9419 9898 5283 6915 6170 4054 7691 8772 691 2945 930 5721 2537 3825 8378 6016 4881 2808 551 9020 2571 2125 7793 3096 2426 3207 138 2188 3133 9606 7551 8032 2692 8517 5311 5670 4436 2519 912 5082 1535 5883 8933 7568 4521 7557 1802 2954 313 2302 2100 4998 545 7263 2675 6551 7714 9409 2893 4640 8968 9473 3669 1596 6376 5209 7546 8237 4992 9309 1493 7834 9477 9288 9617 3866 9624 5217 5105 8743 6082 9609 6335 4750 7981 7387 3948 5257 523 3732 7720 5160 5047 2155 250 4321 5343 2976 4503 8991 7663 8662 5664 4959 6446 1831 1820 2769 7070 1998 3865 6397 9063 3878 6481 
136 9926 6502 1349 7160 8082 3971 5379 3826 8797 3793 7386 7467 6386 9044 9230 4421 2967 6489 9668 1484 4296 5408 1286 9676 6364 4946 9651 7709 7856 9119 2814 966 2448 780 381 123 6694 3619 308 4246 3967 8957 6063 3059 6672 9304 1127 2889 8581 5818 3467 3057 7405 2172 2868 4012 3705 9073 8290 6518 9828 1403 5385 9632 1850 4048 4594 7567 3693 9340 2518 5812 5220 3247 9672 285 1910 6441 841 3178 3888 8339 6782 148 1490 8286 5317 3698 1343 4394 7983 8766 5945 3162 733 2038 9794 2612 3576 6609 2195 2159 3204 4977 39 3086 4940 8546 6101 5887 8862 8738 1265 3076 3370 7376 822 9881 7685 6529 6776 2043 4960 4506 8389 2547 6232 9081 7639 7347 3463 5158 1016 818 3047 4152 
121 2035 1390 6268 2400 5513 7670 8818 6967 628 1958 7523 7918 8956 2130 1079 1778 1321 8869 6866 2424 2291 4763 6010 7702 25 5312 489 8172 8825 7788 1166 2203 2971 2381 6339 9623 6352 8913 2062 5652 2498 6393 5014 9337 9391 5164 7635 1522 8408 3103 6722 7401 3596 4072 3080 3662 9250 5565 7230 246 8989 5857 6503 4408 5320 2696 4991 8949 8576 751 5729 8524 5561 7712 2163 9039 7279 257 8068 6278 8208 6906 7228 2391 9733 7837 7829 1728 642 7294 472 229 1150 5336 3804 6993 5521 5711 6750 7605 4858 3488 828 355 6585 4041 7951 3189 1749 4615 1327 1538 9739 1724 7914 6049 8959 4897 9782 1449 8928 
132 1608 143 7249 1320 110 7127 4544 19 9827 4171 7810 5273 6990 8792 6678 3460 4100 899 4499 8727 2026 6253 9988 4091 9516 2312 6468 8045 3036 79 3363 6690 6758 3964 7984 8819 5659 2004 7966 2406 2994 968 3068 3197 2454 8635 4043 4567 5765 2076 9685 4066 2968 6095 7653 9227 7028 1008 1543 7870 3538 8004 8226 4560 438 8342 6128 1841 6164 1039 201 4430 8039 1768 4579 2440 7584 5708 7345 8166 626 1679 3213 6754 1559 2809 5544 7123 2840 5823 2901 5478 9459 199 4766 997 3161 1991 4137 7071 8549 6469 8668 7683 1038 5096 2351 2759 6549 5853 4744 9194 8748 1604 3722 3032 7931 1727 8796 3637 8918 4816 6267 4420 4748 8007 9865 7417 9487 6818 8938 3443 
142 141 9447 481 452 8140 4666 2782 1409 8024 6089 3367 3009 7684 5390 729 9156 8247 7282 8537 140 2474 188 4643 378 6031 5454 6098 5858 171 9437 3074 5747 7978 4965 873 2484 3348 2740 9342 8637 441 7288 5373 2599 9647 3945 4860 9074 6971 2871 6887 4669 1264 9083 7853 5266 9723 7753 4065 6083 6745 6564 2633 7891 6439 2276 5386 7644 1718 4039 8412 8659 767 7159 2657 6217 4284 8480 6419 9875 5775 1884 2789 6092 2946 2278 914 7423 8781 4016 2361 4885 253 6005 1779 5742 7192 4325 1023 8440 8810 1340 5 4675 9643 5805 1989 5819 3230 4677 6533 3145 9026 3819 5838 7339 3809 7916 8125 3172 7314 2990 3401 1131 3753 482 8923 1233 6002 8309 3496 3911 6785 4197 6301 6157 1469 3205 1246 5122 8804 5875 
134 8657 4736 47 2287 8978 1736 9361 7491 6206 63 6829 5889 9394 3277 2438 7397 3219 1369 4811 3482 9087 8794 5578 6821 4914 7671 1274 6000 8504 3423 2425 8421 2593 7723 2124 919 5213 6068 8025 5971 3399 1160 2407 6924 7971 3461 5559 4067 3241 1556 5394 2473 6603 1988 7465 6270 7034 1241 4648 6706 5604 8663 5251 5097 3122 2722 5270 9762 3766 5802 7570 4211 503 7818 4164 2135 8141 9796 6791 3048 2921 723 8087 1595 6306 9138 2230 1750 6884 577 4550 3981 4417 8868 890 8225 8594 3711 9383 6642 251 7227 6673 9103 5260 5474 6027 2905 1721 9368 5100 4355 6691 7889 9137 1167 1467 5780 6917 2706 7420 9258 9563 3901 4572 7802 3586 3249 1032 7361 4734 3309 5891 7789 
139 302 9423 8753 5254 5942 8131 1005 8240 1737 3916 9802 7643 2152 3500 4907 375 9687 5238 6197 444 2860 2095 5351 2558 3890 1517 1505 5392 964 5784 2464 3478 9532 7393 6872 2816 3761 6384 5752 8522 4642 7022 3093 3678 2015 8764 8761 2565 8451 3704 2066 5576 4814 7326 4667 5007 4289 3937 4158 6105 3743 3429 4216 7791 6149 3721 9959 9736 9630 8734 5058 7604 4385 6892 717 621 6541 1973 409 3963 8475 5725 3671 252 2800 1932 8929 6463 1864 1086 7233 7858 6902 6483 7214 6581 9781 4423 7819 8428 2205 2805 7726 5627 9255 5939 9122 7023 2560 7309 41 6894 3251 6221 984 9476 80 4278 881 6555 8332 1297 7162 7187 3644 9738 7026 6650 5436 5446 3613 7800 6970 3507 2899 6728 8114 3962 9940 
144 4524 9901 6670 2156 8786 2228 1252 2949 4824 7776 3527 1431 2378 4938 8099 1494 1959 4312 5739 9783 3081 5582 3431 7890 5955 2605 3414 4527 832 7368 7276 9185 8620 4936 2118 9545 2827 3308 9166 6773 5755 839 803 254 4910 4096 6918 1716 6311 2781 4497 9294 1983 3185 7384 9136 9229 9946 6881 943 4482 1406 6849 3656 6957 5124 5722 3592 7471 305 3920 3610 7562 778 5323 8 623 1833 3670 1417 3837 6497 8912 2216 1588 3668 4493 5589 4950 6812 3839 9260 4962 228 532 2057 3582 4252 7754 6799 9766 1627 5724 1382 6225 1963 3120 9605 7157 6572 7509 6303 5900 9266 4961 8945 502 3070 2078 197 3978 3810 2930 6477 5517 4612 9176 6662 266 1530 4555 8777 762 6707 7987 4303 5450 2098 7923 5558 6159 1782 4459 2245 
147 2363 8641 7503 9697 8050 7442 5224 3402 2510 6171 7908 9603 7306 7461 9222 1485 9600 3699 5114 9356 2832 6425 7107 3179 726 3087 938 7955 7937 1599 1353 7194 9140 2729 2190 6304 5574 5226 3278 9152 7370 4933 9489 319 6129 1652 1107 8047 5487 306 7625 9410 4757 6841 4990 7857 9678 4947 9943 3285 1364 9387 9430 404 9201 4997 6480 5172 8264 6623 6 100 5996 7351 8105 5776 3550 5371 5529 5074 8469 498 2023 1693 5046 5433 9396 8852 4378 3995 3108 1729 4062 9931 1767 8108 5593 2644 7150 4569 3650 8828 8907 3923 6318 6935 8368 9486 5564 48 6912 7119 9815 9475 4084 4336 7061 8191 1688 5138 4422 1552 3695 7942 1751 9830 2300 6275 3776 3477 5405 9748 414 5678 6321 5154 721 2260 1271 2771 8242 519 8917 9652 8398 2266 3272 
156 5111 3198 5180 9883 9708 2154 5204 3651 5214 950 4922 5456 6501 3648 6283 4508 915 7018 8265 3283 7831 8826 6880 2114 4159 1659 6604 4678 4386 9714 2503 4844 9100 1078 3380 8580 8165 3357 9076 5731 9465 3471 9944 1205 2753 6862 7140 9209 200 7717 1200 24 5537 3696 4898 5744 3942 5795 558 4945 1190 1792 9892 8865 8953 5389 9292 4145 6582 156 9442 4010 2833 7556 2830 5897 4224 2016 4501 8270 2666 7519 4082 5070 4772 5190 8784 219 1122 1726 4510 3270 93 499 7901 1261 8834 1223 4879 5899 5356 9095 5693 2241 7357 7344 3931 7432 245 7610 8971 4343 6284 3864 2430 3676 1979 988 3428 1780 3026 7113 7264 1433 5673 7700 7295 2481 2068 9377 2335 5700 7932 1534 5245 9932 1641 8856 274 6938 8407 74 5457 3024 7843 1939 6161 5505 3700 7835 6236 7869 3622 1243 7272 2174 
153 8020 21 7871 7106 704 5988 9641 1902 6792 417 5102 529 1047 7719 7521 4719 7739 7969 2648 3281 3040 8992 3746 4953 8708 8445 9958 2941 8005 9263 1532 9431 2317 3371 2469 2085 773 8311 8730 7330 8509 6828 1385 7169 4191 7828 7817 448 947 9570 3069 7561 9699 1857 8939 3955 5294 2939 349 4050 528 2337 9151 6725 4168 7743 2352 7036 5914 4283 652 8538 3811 8746 8916 9413 6215 3413 3735 2187 9937 172 9341 6299 1267 4090 6618 1374 593 3910 5229 7072 1561 8109 2680 6850 1239 5237 2138 6573 3623 3572 4717 7454 6901 6479 6979 5551 62 2457 6885 6028 5023 3973 2069 985 7057 8365 2420 6832 514 6344 1617 8044 9541 1880 7535 3642 3725 2094 9893 4281 1828 8334 7494 991 3322 5998 1618 8269 6713 7178 6886 7582 8422 8472 8713 3506 4819 6580 4124 3323 3061 
165 8015 4941 9434 3706 3038 2721 5281 9408 2834 1815 4634 922 4316 4201 2485 2689 1840 8035 3739 8195 8268 3926 6870 6517 7616 7652 837 9763 5746 377 7552 3551 3406 6774 7642 2622 6435 7235 1102 2282 6346 3171 7289 4221 2493 4695 7407 1025 3292 2462 1957 3147 4128 483 8540 5400 1173 9561 6683 6226 6584 5957 6612 2797 1649 2607 5374 1253 5466 1713 5382 4523 956 6440 1124 9077 748 4558 7697 4143 5570 1648 3466 7139 8016 334 3900 7648 785 4208 1951 8775 1762 783 1389 7536 2236 5197 150 3412 2432 6687 5210 3928 5482 2370 712 1870 6939 9906 6878 1092 68 186 1752 7209 3218 26 6370 9853 5249 9091 5519 3250 8566 3643 644 6594 5479 1359 801 5133 7757 1938 8871 3560 4140 7101 5500 646 2863 4463 5520 8660 5816 1701 1424 4601 1699 509 7820 2534 1894 2914 3690 3450 4673 7833 7545 9298 2590 4214 8571 8291 7045 
173 9481 6323 8119 6487 2490 3427 8181 5089 4688 4272 872 4447 3965 9491 6504 1180 5613 5753 4791 8555 327 8650 4710 9653 7296 4188 2115 2171 7698 4957 6377 6195 3056 9695 1300 1920 2858 2208 4563 5777 60 8328 396 7502 671 4105 1063 9317 4624 3844 3970 8824 4069 9658 4571 3235 2866 862 5796 7290 273 6958 90 2629 1557 3446 3862 7136 5328 4644 7520 7318 7422 3112 8842 4655 5461 1598 260 8889 6879 4481 8653 6946 6313 5985 5803 7814 6631 4104 1885 407 8539 9347 4074 3265 9049 9737 1955 918 3177 7995 6520 1575 4008 3186 4451 5248 2798 3879 9399 2414 2144 2319 4233 8277 3359 2505 3831 7861 8312 8843 4589 8183 7473 1121 843 3077 902 8678 6685 5449 5937 4884 77 536 1593 7678 3896 3984 1087 8066 7630 6026 7808 6414 1130 6700 7949 3391 9702 5845 4491 7001 1499 4512 7997 2246 8485 8649 2452 309 4306 1686 8482 1788 6649 5282 3591 9610 8446 54 6493 
188 2017 1875 1540 2597 5809 1365 2882 3539 4095 2055 7044 9319 2501 1083 4649 591 9471 8302 6103 7441 8315 8095 7903 230 9498 1560 5553 8391 6315 1093 571 164 6635 2139 9907 932 4117 3409 9604 8420 5691 351 1471 7938 3473 6550 1594 2153 9612 5683 5921 8150 9308 5045 7750 4822 7237 7468 7619 2097 9963 4002 6059 3518 1336 5033 6539 6933 7280 2983 6172 5635 5252 8190 4535 9327 2684 2145 766 9163 5792 1407 7032 850 7620 2555 9482 9382 1882 8248 9267 6980 5830 618 6488 6061 9277 3319 820 7259 9458 7880 9287 9634 7410 8189 8995 2079 5083 4737 8854 7114 9671 9334 2396 8908 4549 8402 9579 9916 6930 7693 3999 1605 4438 23 7558 2548 2323 2960 1965 3343 5915 7077 5656 5869 4001 1169 278 8373 8888 6677 4983 6111 4077 8789 1704 5179 6871 8684 4741 7927 1053 3680 5363 6475 8316 8714 5566 9024 9305 4073 5243 4764 6434 3113 1089 4586 8654 72 9638 3138 8543 9438 2393 9930 6418 8414 7302 8443 1647 236 8905 2210 8139 4371 8981 4093 
169 183 9503 7008 7565 3252 9790 5367 5762 463 2719 5794 719 3535 8442 5703 7229 9101 611 3929 4324 650 4313 1878 622 1657 2374 6904 9147 9722 9863 2113 5892 7459 1325 8213 2327 3312 8110 8186 5806 6223 9966 679 4265 415 2932 3933 9989 1152 8390 594 2802 1280 6809 1207 1244 6953 7737 1235 8779 4341 7161 501 8661 5811 5774 9290 2660 3846 7845 4241 9994 1942 9149 4802 7134 2695 4949 2065 4599 7399 4405 9314 7058 2598 4595 2446 6030 9303 7848 7626 5760 1795 6833 3805 7443 3526 9657 2799 3149 3295 868 1764 9406 7676 3951 3459 4988 9412 8325 1218 1069 9811 7603 1376 5624 817 1344 5274 9198 5116 7049 5290 877 4496 5688 7925 1168 9635 3683 8872 6490 1827 1925 8198 2859 5006 705 1334 7510 8501 4759 3090 7090 9765 3454 4389 507 1813 480 1178 4234 6269 3529 465 4210 7385 4044 6942 8776 9411 9046 7915 1509 8760 9272 7328 1224 3135 
164 1219 6693 129 2952 7416 1545 7043 8788 4806 7555 7048 5024 1292 8848 6219 8406 4920 5355 9553 6903 9371 708 763 5663 7373 3877 2997 8333 6015 6726 2965 2346 3331 5963 3876 9974 7758 6709 7292 9929 7112 5841 8927 8486 3425 1452 2873 5846 2375 4794 1976 1212 2618 7094 6279 4097 9616 7483 3504 5560 4183 2667 5740 9913 2385 453 5056 9720 4477 7120 7760 4089 5086 9343 6684 9757 5366 9972 1906 613 5425 7609 944 4409 1826 9694 5410 9057 9372 8411 7380 6173 8892 4282 1677 1037 3561 786 1787 8613 6499 7202 4056 3118 2743 5545 4944 4670 9013 1217 304 2341 8622 765 2876 2122 893 5966 9809 8755 7838 5878 3387 8243 4542 4653 3508 4047 5625 9861 139 3418 6617 1298 9455 122 5211 4404 4107 4243 2596 226 1126 4337 9088 6146 9962 954 6014 4346 2724 5597 7301 904 490 4230 205 7602 7222 6062 2631 8799 4021 7550 
