22 0 249 80 259 260 285 156 96 174 239 271 170 114 101 131 98 223 59 47 143 94 257 
22 296 87 85 162 127 150 273 63 213 121 111 73 48 201 205 292 141 206 279 293 169 2 
23 180 75 276 95 15 57 200 245 282 14 50 11 160 42 119 112 242 145 155 154 135 208 132 
25 216 212 148 159 290 74 60 79 188 39 241 214 295 177 22 140 25 10 106 288 262 240 49 274 183 
22 167 108 103 161 137 218 18 226 21 284 185 82 27 190 70 16 196 12 71 97 1 151 
25 54 88 203 136 227 125 129 224 102 68 258 237 147 6 83 124 238 31 265 126 272 84 77 211 165 
22 116 72 294 92 144 187 267 113 277 128 244 243 197 23 283 138 266 78 297 256 153 130 
21 168 41 8 13 107 19 91 29 204 146 236 89 76 287 181 289 176 233 178 52 173 
19 164 4 7 133 58 105 281 217 207 253 163 235 5 20 152 215 186 69 149 
17 275 62 171 44 232 230 28 202 158 298 269 219 67 228 37 189 247 
19 184 134 220 193 56 198 32 40 157 209 90 93 139 255 104 120 123 9 175 
9 110 210 225 261 61 35 43 194 278 
13 34 246 38 254 26 3 109 81 248 250 142 30 251 
11 99 286 24 263 166 172 64 268 191 252 229 
6 195 45 264 182 100 46 
6 299 117 192 17 231 270 
2 55 280 
2 51 66 
4 86 118 291 115 
2 122 199 
2 53 222 
0 
0 
0 
0 
0 
0 
0 
0 
0 
0 
0 
0 
0 
0 
0 
0 
0 
0 
0 
0 
0 
0 
0 
0 
0 
0 
0 
0 
0 
0 
0 
0 
0 
0 
0 
0 
0 
0 
0 
0 
0 
0 
0 
0 
0 
0 
0 
0 
0 
0 
0 
0 
0 
0 
0 
0 
0 
0 
0 
0 
0 
0 
0 
0 
0 
0 
0 
0 
0 
0 
0 
0 
0 
0 
0 
0 
0 
0 
0 
