2 8890 6517 
2 8773 2736 
2 7013 7206 
2 2384 1855 
2 8670 5071 
2 4679 4887 
2 719 2591 
2 6252 7948 
2 1135 1880 
4 1178 8088 9569 204 
3 7109 2573 7813 
2 563 3202 
2 3654 9287 
5 6031 3321 6441 7937 9637 
2 7468 7678 
3 3696 3539 4023 
2 7227 4818 
2 2418 8727 
2 3578 4796 
2 9121 6527 
3 2015 3647 6600 
2 6321 2887 
4 9550 2660 4476 1403 
3 6403 5480 3028 
2 7716 6753 
2 2176 820 
4 8758 9459 5891 8308 
2 8227 5067 
3 7913 7575 1190 
3 9913 3358 6610 
3 1105 476 3507 
3 8878 6377 2445 
2 311 7110 
2 6039 1817 
2 4829 5903 
3 9449 5983 7376 
2 5991 2939 
2 5649 5982 
2 7325 7909 
3 8184 6544 8345 
2 8578 2053 
3 7862 5091 8722 
2 8965 4941 
2 1563 4027 
2 3708 8563 
4 549 4948 2718 6018 
4 1776 768 7804 1344 
2 8967 4325 
9 2735 1335 7957 474 8520 6735 9927 3246 1293 
2 1192 1626 
4 4644 9954 4390 1594 
3 6912 9377 6521 
2 3608 4471 
2 2297 1399 
2 666 1159 
5 3580 5934 4066 3147 1339 
2 306 8994 
5 8711 3936 8397 7304 4374 
7 3090 4435 9619 1209 2944 4011 3341 
4 1560 7108 3760 1015 
2 1803 2758 
7 9313 2695 4309 9325 1194 364 8596 
2 8071 2669 
2 1778 1000 
7 3055 7929 6633 1866 6745 1381 2486 
3 1874 8968 9049 
2 9483 7773 
2 5332 5226 
5 4058 8102 5245 873 3560 
2 8306 7600 
2 499 492 
2 4411 3491 
3 1973 8303 8364 
2 6879 6686 
9 1040 6663 4143 6916 6965 4090 4352 6190 3559 
5 1269 4467 2212 7519 9005 
2 7355 2528 
2 368 7581 
2 9925 8730 
2 3381 7433 
2 8192 9803 
7 9563 6724 6901 8024 489 7779 4646 
2 7347 4469 
3 7346 2346 9999 
2 7444 5513 
2 1208 8824 
2 3291 9824 
2 9252 7632 
3 9864 9251 4557 
10 8292 2061 3555 9291 7088 7561 4255 9845 5562 1555 
3 3362 7809 9489 
12 1273 6381 700 5970 4842 7889 5237 3655 8731 1904 4717 978 
13 4078 7657 8950 6466 3249 2465 7104 1515 3104 8477 1784 5371 4793 
8 4758 6228 5868 7956 1414 8290 9349 7025 
2 5441 5230 
2 3614 9868 
6 6541 268 568 789 4520 180 
11 1867 7401 622 4214 3197 7020 3138 6155 2056 7464 9723 
2 1376 9921 
13 3693 9090 1228 4196 9996 3191 1838 7379 872 1706 3656 6010 2814 
11 5018 7429 6695 6263 6822 5222 2589 6740 5377 3193 2430 
4 1002 1844 3111 5127 
10 1992 2247 6913 5858 3245 1773 8086 8459 2751 773 
12 5717 9679 2986 8149 6654 2774 8395 5743 8557 7891 2288 8330 
9 7119 7711 1407 734 2166 6884 4836 1067 8433 
10 3371 3030 3692 6815 4687 1113 3168 2717 7122 7458 
10 7952 3629 7799 2316 3607 8204 5721 9579 9186 2620 
2 4070 8253 
2 7284 5059 
20 5693 9581 2327 3457 6670 1724 5387 3869 3334 7373 4207 3345 8277 2649 8598 8291 6238 229 8825 2090 
4 4048 7147 6665 6935 
2 1319 9360 
5 7613 9750 763 7017 3889 
2 9763 4483 
19 187 6198 9675 8587 4150 1315 7455 1353 9670 864 6208 9702 9105 6825 933 2291 1959 4301 5618 
2 9044 9520 
19 5324 713 3307 2135 5161 8509 3025 4475 5500 7319 6529 8915 7864 7663 6480 8237 3225 7239 1680 
13 6412 9216 3855 7229 6269 6418 9402 6164 3005 6607 7196 3230 923 
14 7070 84 9847 8420 5381 8189 6662 8840 5615 326 8224 209 5553 9515 
2 1146 5886 
13 1757 117 375 8564 113 920 6150 3311 1206 4006 1713 446 2521 
17 9084 2941 3442 6831 9020 7475 3651 6304 5086 5887 1252 5748 6634 1326 8505 2541 9693 
14 1978 6689 5424 2313 8489 5304 567 2917 8792 854 6200 7387 9019 2866 
3 7684 174 5334 
14 2519 1005 9979 957 3008 8458 5885 4815 9815 9804 4673 4636 7453 1022 
2 1023 5478 
16 303 7040 8703 4495 4586 3546 9003 6160 9463 3758 8254 8298 2954 6197 1785 240 
5 1529 1061 3809 3310 8850 
2 4528 3207 
15 4379 3988 8675 4601 4346 5192 7993 2512 2915 1421 9636 493 8040 4838 6960 
2 23 1545 
19 4494 7965 2432 519 7293 7499 5402 3826 4387 1013 4507 5954 9046 908 6463 4052 4678 4311 4695 
20 1138 7399 3281 5445 1888 9935 1860 8715 3989 7428 8739 1260 7174 7633 5764 442 5724 8904 5914 7972 
2 1246 2951 
17 4071 1664 9752 4788 6694 7141 2788 8073 3833 5917 2828 2008 4629 8553 2007 3185 4760 
2 9346 641 
2 4588 4417 
2 2412 4604 
19 3167 29 8342 8029 580 7846 8447 5359 2422 5511 3116 2209 3594 2074 9436 7113 4853 5975 7391 
2 9249 6143 
2 8719 2265 
2 233 7061 
2 3729 4949 
2 6515 3288 
4 6591 389 5272 3820 
2 7075 2709 
1 5968 
21 2883 8640 423 4008 6277 1543 5440 1323 1512 2495 672 7210 8614 7535 2706 8099 4830 2693 1435 5979 8572 
3 4138 8895 1374 
24 3549 8962 8175 7911 4536 1438 9976 6044 7768 9744 1227 8892 6409 3114 2132 3278 3685 1217 6744 8139 9764 7723 3097 2606 
2 8788 1140 
5 8605 3388 8891 9467 3569 
2 310 835 
19 3253 4637 5235 9187 9649 8728 9523 3667 5875 4421 2742 3773 2511 8546 1027 5296 4898 4271 7509 
19 4839 2720 7928 4307 3471 6783 5860 273 6424 3990 1794 4084 9503 7102 8353 1222 2966 8111 8047 
5 4329 4361 7368 4755 6087 
20 4525 8708 297 585 5343 9820 1447 4260 9920 4154 5771 895 3368 127 6597 5829 7990 9048 7182 4841 
2 1922 8000 
24 8329 372 222 2571 88 7709 3294 1605 4781 2123 2026 7446 448 3830 146 9819 5341 4862 8665 9283 5054 7730 3086 437 
2 3709 9601 
5 5444 1131 1327 3153 3626 
2 1143 8402 
3 4420 2463 9350 
2 9418 807 
10 9985 7314 6327 8464 6173 8020 3811 8245 7760 1559 
21 9140 2559 1993 8406 1833 1097 4428 9393 2838 5491 3865 3403 9385 4493 8421 5847 6460 3915 1024 4559 6090 
2 3824 8119 
4 5780 4580 9600 2358 
6 7506 2502 7290 5030 644 1254 
2 4317 218 
2 7362 5597 
3 5969 1356 8046 
2 3827 4778 
2 8571 89 
21 2869 5716 9901 6649 7064 7156 5808 8449 7129 5890 1142 5295 2112 7152 3829 3547 4561 6038 6728 2099 4181 
2 6583 4022 
2 7015 3755 
3 943 0 7568 
3 1956 3298 8893 
4 3088 4492 5159 797 
2 4736 1064 
23 5300 3149 1528 3817 5902 6794 3409 5213 6404 9137 9305 5307 4450 1879 97 8998 5959 8532 6682 693 2406 8476 7482 
11 211 881 8542 2173 3439 4930 5582 7718 6733 8498 4868 
1 9530 
1 7621 
1 9359 
1 5578 
21 6961 7318 4894 1384 696 7553 2233 6004 8566 4705 6430 7097 7028 5710 382 7926 7106 9541 9509 8845 3861 
2 9914 1478 
19 445 8179 3333 3257 4112 8209 8370 3066 7668 7438 6420 4003 8348 5250 1753 1396 1979 9740 1087 
1 1114 
30 9409 606 2912 24 4098 541 4877 7329 4537 4648 9613 284 9897 9737 8239 5941 9474 4351 152 4482 1322 2795 1659 420 3125 4769 9507 2964 4978 4399 
18 4065 5679 5913 8431 6859 333 7945 3018 8528 3822 8097 4998 7051 7918 4641 5294 3417 2816 
34 9514 5335 1066 6002 4059 61 741 3743 5027 7810 8055 2523 825 7870 5732 9666 3680 4405 9526 5291 3624 81 5340 1029 9941 4762 815 3242 9415 7688 8809 5198 1426 5894 
1 7522 
2 2177 7713 
2 5985 5883 
1 1998 
1 766 
1 1284 
2 8422 9648 
2 7655 9525 
29 2949 6706 8518 9707 2429 4618 554 2576 9626 3049 1735 8021 1625 565 9030 1363 2324 4107 6762 6251 7501 907 3818 1035 4638 8697 9989 2630 3705 
2 5573 8753 
1 6834 
2 7383 3367 
1 3638 
31 6807 5598 5769 1815 9698 3564 7640 6502 8787 8302 1406 4635 8573 1674 507 6399 8902 951 7643 5481 7680 524 1682 6363 3609 850 6869 2993 831 9639 9243 
22 7198 2714 3103 8328 4624 8586 4223 1685 640 1913 1177 8035 9240 408 9231 2654 8051 1446 3832 6499 7844 2617 
1 1546 
1 1018 
27 5299 4094 6456 9888 7849 3697 7188 2507 1651 2642 965 8274 35 5662 7762 6746 1710 1693 9353 9534 6042 3429 6737 905 4175 4212 9910 
2 1695 4321 
1 3870 
23 3527 5227 5358 1734 5990 9282 533 4686 6647 39 3496 4024 1199 1168 6543 9403 4373 9840 4952 836 5669 5896 8607 
16 3739 9011 2731 7342 4403 6389 8741 275 5919 262 418 9726 438 8623 5493 9404 
9 2981 5593 5317 3635 5986 6588 7096 5281 251 
1 2448 
4 5742 4337 4332 231 
25 726 4511 9267 9890 6786 2031 7435 2036 1352 4404 8843 320 350 1827 3178 4881 4004 9181 2953 592 4548 4700 1095 9484 7784 
19 3557 2896 3802 7209 6615 5374 5298 3502 7014 9092 8017 3194 7599 594 5141 7863 3324 7904 6444 
22 3540 7186 6053 5654 6361 3918 9511 8791 6985 1676 1459 137 6495 7068 8048 1654 3023 4936 4811 7011 748 9396 
1 5254 
29 1492 9166 4706 9452 7546 9640 2904 3029 3092 1223 5816 874 8782 1797 7145 839 7788 7651 3570 6747 5532 5104 77 2001 8633 1698 5147 6520 7985 
22 9109 1634 267 1369 2754 867 5045 7842 2978 3977 4997 1736 5384 2168 7095 3926 4926 5731 1731 7590 2002 390 
24 3430 8440 6536 5920 4205 1245 8945 5777 330 5540 8933 2025 283 153 3145 7671 6891 8714 9271 7100 4040 3012 8540 8053 
22 457 2881 5955 5674 7380 1949 4397 1297 6932 4457 6824 2122 6681 2561 167 2202 8197 4766 7989 579 750 2836 
25 4984 4056 6110 9851 3891 4583 2538 9806 7927 498 2984 7411 643 4123 3315 8284 8335 7898 4419 613 6154 7676 5474 4298 9334 
28 8271 477 8932 1609 3236 5049 7224 5626 1792 989 8529 9458 4285 3566 1947 9800 9351 5635 2144 7099 9883 8387 7012 2308 9451 6285 144 1136 
32 7861 961 157 4742 2020 5406 3239 8698 3410 8158 394 892 2748 3276 332 9586 428 7191 454 4074 5909 6855 3659 1925 8307 6768 5550 4551 5683 6214 1088 8106 
11 384 2343 8931 8356 5098 4261 2131 1772 3898 3413 7742 
33 3156 677 5497 1305 2356 2296 5727 3579 3575 9128 7114 3510 3396 7255 9743 4595 5572 7874 120 7558 1464 7637 1098 3694 8819 5725 6726 5707 1216 8070 3229 7356 8569 
20 9289 1977 5112 7636 3640 967 199 6268 2710 5864 5419 8050 6229 6995 6564 5634 1080 7702 5412 3536 
10 1037 9021 1548 1360 5258 995 5138 3505 7996 5987 
16 7662 5437 8500 369 601 5373 4032 698 9732 6104 2933 6830 3797 5072 9454 7059 
19 6547 4973 7534 4415 3906 388 6462 8218 2678 184 3956 9756 17 6289 8322 9642 3337 1663 5647 
17 6076 1721 8273 7729 4099 7334 249 7635 1368 2500 4639 4480 7478 257 5950 1615 6675 
22 2147 9104 9071 3325 2551 7344 8667 2323 5364 3661 3939 7551 3700 538 3227 264 9644 1129 651 8641 1805 3286 
10 8599 7280 4931 8354 8441 1249 2035 1699 1093 5130 
22 400 9965 1995 2782 3398 212 2000 4857 4834 7777 9229 3508 7930 3599 7200 1289 746 3978 9323 9875 4530 7992 
1 7432 
19 318 313 2928 1186 935 2977 584 2368 8974 9047 2155 1849 5492 8948 2847 1701 3184 5788 9850 
17 2171 1433 5382 9862 2534 4550 2739 2749 6775 5786 971 5599 3856 944 7980 6291 3517 
18 6293 9100 2240 4245 4939 816 6820 202 3597 1666 2350 6937 4000 8815 5753 5024 8336 8838 
22 9495 5393 2293 1267 7867 645 6966 9761 3993 1872 379 7125 2084 7192 609 5556 4252 8340 6614 1744 1868 7133 
18 5711 2825 9557 6279 7010 6426 952 7746 105 9548 4470 1007 393 2283 4753 4116 5652 2326 
21 1970 6245 5158 6133 849 6927 459 1415 189 129 8228 2808 2438 6801 1 4176 4513 5828 5190 4972 3762 
32 5971 1332 6849 5744 4170 8736 6924 9691 8536 513 4028 3433 7882 3759 2937 5101 9160 4701 7276 5630 1073 7175 9688 9895 2672 1694 8162 8538 4691 322 8349 8123 
15 3751 6581 7510 7817 5019 7886 1780 7157 4640 6528 9739 899 5811 2491 7766 
11 3767 5763 8064 2769 3305 3353 1166 1933 3252 8913 6606 
22 9735 9180 4602 3875 772 2121 8785 7769 4358 7497 576 3980 5736 3330 3745 3180 1350 1526 6700 7024 1575 7603 
24 6239 4208 2783 2382 4826 47 1660 8617 767 2760 4768 5559 8738 6443 1229 7050 9664 2469 8202 8971 973 5176 3035 2862 
15 2359 3163 8026 8574 3392 9375 1298 1703 3359 3771 304 2697 6348 9069 6934 
11 4523 4810 3503 3526 9124 7423 8522 4900 5531 9259 7615 
19 8104 3779 9830 5507 7172 7687 3601 6222 8244 8481 5610 1747 9533 8199 1821 6207 6349 1931 9374 
22 8848 6851 7230 4863 8554 8940 3181 3537 272 5933 5603 1702 2923 7720 5139 3165 3890 8762 3718 5676 3665 7906 
25 902 9544 8323 6003 1628 1460 6398 6125 7372 7118 6618 9392 8909 6306 8268 3271 8493 1016 9663 6099 593 2564 4079 562 5461 
15 6319 2330 1203 3428 6813 4340 9518 8668 752 4174 1484 5549 4820 3611 8275 
22 1524 9633 9559 2426 4202 5409 6526 7971 4940 1324 5564 6056 4073 2690 4468 4191 631 866 8900 3492 8666 7673 
27 6877 4194 817 9974 150 2973 1550 1518 559 6009 5782 5660 3308 6272 9658 7924 6522 6036 4362 7295 8165 2811 6323 7057 6958 3081 2145 
17 6645 977 1835 2857 1564 4012 624 7037 9958 361 4442 5073 2812 1586 6545 869 8232 
20 5621 3512 1111 2997 494 6062 3846 5495 6313 9363 4651 2057 3296 4465 7337 7566 5937 8503 9025 8921 
25 8978 6756 1100 2079 1580 9297 4645 8595 3530 984 7142 9880 8115 7419 6226 3407 6049 4239 5840 2806 6993 5588 6022 8333 6533 
24 2436 9412 1588 720 5017 6767 6473 8823 1175 8037 8951 3205 1365 4121 7732 7282 8661 6274 5379 7408 605 6294 1312 1562 
8 3161 798 3911 5918 6509 8251 1726 2746 
21 1697 1689 2167 780 4720 5698 1655 7275 412 7679 1411 1946 3137 2405 9528 8780 5961 5536 5874 4341 5244 
22 6135 3596 9052 8426 5425 3354 1430 5426 9516 4584 6416 1424 510 9687 9258 8153 5555 1982 73 4162 8304 6124 
19 8173 7193 6255 5088 2831 5267 9539 5105 21 5344 6382 532 8975 3206 1935 4310 336 845 2940 
25 5517 2143 2401 3603 502 846 1046 4953 5608 5134 9118 6447 9833 5614 7082 2380 3312 8704 294 5664 8195 3927 7348 8898 8802 
22 7585 4761 7248 482 3778 9070 5888 9836 8800 2246 9444 1292 547 543 4076 6235 5570 2844 8929 8606 3322 4961 
33 8310 2920 4377 769 7877 2278 9207 7140 4693 1593 945 699 8774 8410 7934 95 9680 1537 7778 4937 6548 3300 8281 3752 5097 1622 2894 7659 2487 5325 2257 1082 5545 
26 6669 4807 3199 608 7277 8937 3721 9492 5699 163 6900 2439 3625 243 9366 7498 4082 558 2858 8907 3098 9307 7667 5508 1202 5225 
15 3986 8110 9322 8749 4902 7397 1786 3684 9919 5346 3256 6468 5677 2593 3134 
15 8373 6904 5041 1882 7536 4899 3525 2485 2226 2876 31 2298 1758 9854 5175 
20 4709 5815 4119 852 4371 4236 3682 8067 5288 9605 220 2546 4971 4963 4077 1333 7382 5011 1173 5819 
19 6340 8187 3632 1215 9182 9238 5074 990 9284 3487 6129 5997 4745 1763 8946 4363 7917 5977 9522 
34 3444 7463 4855 610 6780 219 9405 2942 8435 8699 8783 8207 9869 6474 5712 7816 9575 9357 636 938 7697 2311 2156 4754 7853 1321 5000 4324 103 4751 2677 7228 4145 840 
28 315 2711 2531 3017 6951 1170 7876 661 2338 2537 1768 6041 4453 7516 5583 1045 1094 8721 9964 5223 8107 2454 5462 9792 5414 1642 3041 1507 
20 4228 164 8085 9464 1587 2640 2771 9151 6907 8018 2899 5587 6157 5062 5705 2269 6365 8201 2579 6434 
28 8448 4020 5602 2999 292 7386 6523 9364 2397 6218 1700 1523 7148 4312 4871 8258 9865 6464 6117 4218 8625 9807 4183 5781 4510 6314 4269 4242 
21 9138 5260 6512 6921 2477 928 9110 9379 7265 8294 2750 9741 7247 3106 8417 3189 2334 2961 26 4922 7964 
20 3740 4615 9738 7792 2335 6356 8820 3211 2115 9998 2768 2004 7997 776 9966 8716 416 7771 1359 9476 
18 8028 1715 2535 5872 3450 6331 2052 6094 7071 1764 165 3600 1919 6355 6151 3387 8299 8001 
26 7320 9347 6485 1251 7117 730 7690 2577 6558 141 3949 4249 2373 3232 8935 4372 9946 6667 5589 1533 9257 9986 7954 707 2494 2130 
16 415 4344 8851 9440 2975 7150 3292 9659 7340 1541 2191 2237 5463 948 9099 5434 
21 4080 3490 497 583 856 6172 9065 66 9607 5021 3454 6014 4359 6325 4722 6769 9760 2692 8866 7069 7767 
20 1102 8795 6843 3169 799 4114 4498 2945 8650 9221 929 3805 7815 7854 3015 1156 6759 9878 432 8196 
28 1090 8548 4661 5090 6139 7554 6942 8588 9191 6752 2290 7931 3434 657 67 3234 3776 1388 6231 2619 2302 3001 5949 7978 9024 7358 8770 9938 
25 6410 9487 9543 1627 8868 4938 1422 5123 1568 1428 5004 3447 946 814 9822 4152 5327 1026 8145 7983 1704 6212 3863 6311 7641 
18 5169 2128 4347 7316 9270 2796 7570 52 2433 1239 7367 3297 8885 7338 1400 1092 4425 9206 
25 6567 2198 2470 7686 2738 8938 8339 508 1431 4168 5512 7461 6344 4336 1656 4188 80 2499 3957 5203 1894 7303 6295 8100 5046 
17 4744 6850 5211 9062 5810 6679 6211 4477 5851 5151 2855 1442 4339 5157 2492 9488 1662 
14 7483 6059 9157 8471 1071 4856 4612 9791 1056 630 1390 6384 421 1185 
17 5557 4944 9949 4433 4802 1508 4335 3004 1787 2342 8565 8172 8923 5084 5749 1858 6690 
25 2216 9595 439 2464 4200 2817 481 9272 871 1561 6106 8918 6856 515 9232 2197 6938 3344 1895 5912 5328 9301 2516 2865 7476 
23 7557 7226 9341 9576 7665 1443 4035 2982 10 7492 9135 600 9798 9056 2687 6847 5745 5251 4668 1462 7052 8888 5563 
20 7512 7180 6206 1218 3188 6550 4666 2119 6357 9975 6584 5690 6159 8793 9372 9519 6914 3959 7450 3064 
23 7579 5650 6580 1686 5156 9106 1709 7176 8872 5733 6264 6006 6962 8347 6612 1096 1225 667 2905 4697 7731 4220 7441 
17 6484 3904 4957 9524 4441 6261 1474 3650 1623 7545 4122 6287 8859 4672 2615 2134 4197 
23 435 8786 6413 5135 6089 5241 7764 9641 1294 3062 2557 3940 509 3293 1277 4503 620 3109 3844 2165 6988 3265 6917 
14 8996 3338 2989 5154 3027 1781 9783 2162 288 5609 4925 6217 5842 5821 
23 6563 2651 5240 9158 3122 4244 7698 3785 542 2075 5155 4773 2024 8141 727 5925 7734 6949 4599 9076 4757 8276 1452 
32 5218 8213 6658 2006 3849 5856 9926 7465 6202 2118 9874 6969 1553 5994 3099 3210 5247 1842 4144 3299 7273 4974 4254 2728 2175 9755 8411 4859 6976 7733 8154 9766 
23 210 6475 4704 4782 5457 1048 3666 2417 2037 2565 3470 1235 4840 8857 9239 5741 3595 2582 5348 2196 9661 4268 5055 
15 7609 8031 2364 1283 9653 7330 9028 1380 2194 3681 4473 1118 4996 5110 4018 
20 4913 5756 6068 5064 9230 6868 7153 6174 4097 2139 8140 4322 6432 4600 4542 8685 1801 4506 2908 9172 
22 7000 248 6392 98 3414 2442 5838 5347 7787 4167 46 4819 6378 2684 9055 7218 9501 7722 3791 7288 5416 9277 
3 3272 1427 3749 
35 9411 9799 1883 4882 5881 8262 2357 271 7357 1852 4630 3384 950 3022 1745 9858 7103 7811 5452 5708 8550 7507 2501 4950 9708 5687 3504 6145 3683 1128 5506 756 9552 3662 2786 
15 8326 9784 6116 5793 2381 9704 8032 3179 7744 8839 914 2353 6559 7251 3838 
27 6765 7085 9078 3220 6402 9684 1181 3735 5837 4623 6452 4533 151 4690 2765 2850 8109 4912 3730 8769 5789 6256 4275 6158 6994 1157 1602 
15 894 4135 9867 954 6619 1720 9295 9957 2251 712 6539 6032 2457 2253 7281 
19 6244 3117 4656 865 6243 658 1051 6680 2160 9381 1670 7056 3235 5051 13 108 7836 3929 8861 
27 4349 4794 8346 511 6192 9064 3058 4331 3531 2333 4854 7754 880 684 1525 50 2443 4333 3917 201 299 8790 1258 298 9885 7708 966 
18 5124 2663 8485 8742 2916 3921 2802 3593 6692 5734 3074 8473 8986 4165 8523 6302 7899 4823 
24 3445 6058 992 2180 409 8272 2885 9319 4117 9264 4043 7187 5639 5186 4527 2201 1712 7189 3703 9499 6626 6616 5460 9472 
21 1755 6575 9846 7704 3952 2680 115 5622 3847 7999 3689 4572 6945 33 6144 3132 8389 4554 5408 6964 4671 
21 4657 6000 4291 7479 8761 6503 5116 5952 2059 5268 6301 9331 5482 7521 5561 486 2192 4445 6153 8726 9829 
18 6333 3215 9190 5006 1981 4204 1502 1727 4100 9624 3728 4589 8240 2879 9120 1285 1691 4292 
32 6875 328 3024 41 6021 6360 3947 7434 1843 7941 5001 1504 1436 8004 5537 9299 8755 9597 7331 5114 1743 1859 3171 4946 1329 8765 7617 5215 3014 3223 1137 5265 
15 6910 2602 800 1854 581 1448 614 5830 3464 2096 2592 7126 6761 2926 1207 
17 9817 7194 9987 4698 4824 8039 5168 964 5053 4146 5142 1385 3301 7168 3427 9013 900 
18 8038 9478 5094 5801 5747 4692 7797 2872 5625 226 2003 1728 2968 9747 7977 6676 5471 6997 
15 9754 3213 3714 8576 3237 5993 3031 9535 8999 7181 8409 242 5637 722 4277 
17 7940 6352 1967 9043 7872 6880 8469 7623 8215 8014 5633 2943 3087 1633 1085 143 3931 
20 3669 4147 4652 5770 2518 4990 9512 3501 8549 2204 6309 4131 7583 7624 4005 6514 6999 7404 8091 2508 
15 4068 4029 6146 6102 7897 8886 9398 413 2347 8230 2133 5936 6057 3688 8147 
26 8995 6023 6066 6902 9729 3054 7315 1800 8624 4400 6866 434 2033 7866 7961 9034 3634 1611 9772 7591 7257 1542 4747 3620 7264 3458 
25 8803 615 8682 3789 5214 9947 2217 3746 377 5008 216 5976 2062 2431 6622 7130 1187 8805 6621 1878 323 8468 5544 794 4393 
19 2480 7398 1910 3754 1937 9872 518 6678 694 5102 6169 6511 6397 4015 5910 2689 8490 8222 2554 
28 3910 2536 6307 6741 9657 9457 4575 9681 4546 9035 5287 5394 4016 8293 1985 2762 3101 1612 7790 1486 7670 8058 2638 5153 1077 6725 3741 3633 
22 8194 2787 7448 6446 5844 1752 6359 7682 3550 7856 5219 536 546 2906 8632 3552 312 664 7154 441 9714 4662 
27 3176 4437 7430 9246 6711 7994 4088 6280 7162 5228 8801 6454 6391 7513 8860 3082 5052 9665 1331 1358 1554 1274 6525 1354 54 2998 4127 
20 9497 8653 4764 4481 6538 4137 9089 4060 7488 9480 7352 5326 5898 6687 5905 8061 5551 7343 7968 1813 
24 6220 7884 9199 3532 5487 5962 1831 9054 2527 9758 2478 539 5670 3440 1405 5144 9058 7821 78 5248 1905 9668 1226 5476 
20 7988 8991 3839 7638 8186 9382 285 2348 6114 6072 7053 8124 3670 6624 3277 1379 2886 8216 702 2363 
23 9179 6141 9127 9923 4989 550 6455 4625 5992 8748 8027 7753 1836 6568 4565 8526 8828 2391 4129 3356 6911 4054 1619 
28 9556 627 1010 9485 1640 1845 2250 830 2657 5701 2809 8182 9159 8988 3011 2473 9943 2947 3962 9428 6037 940 134 4517 755 3733 9312 5571 
23 1777 8747 3083 921 3453 8664 6587 2732 7415 4224 1875 9948 4173 5470 5980 3431 8887 6065 5762 9439 762 9097 9198 
38 55 6115 8559 6952 4873 1637 9406 19 2230 3317 8198 5205 5663 9654 2140 2235 4376 9628 708 8188 6305 9731 3231 1466 5684 6601 686 5827 2911 3660 764 7675 4680 5355 1990 9253 6 1020 
36 190 8484 9852 4455 8832 4910 8629 718 3170 4299 6729 2686 6034 4064 7840 2355 1960 7614 724 8760 8656 5904 9470 6320 7970 5216 1487 9500 9911 9431 6979 9146 9891 5718 1887 980 
29 5516 2455 1201 7574 2639 6984 7933 671 3807 7287 7245 9441 4209 2498 5031 6540 5498 2700 7029 4732 4982 1811 111 5003 3637 7160 5876 9123 3224 
28 5282 6922 6029 9345 3717 1453 9429 74 2702 2543 2969 8259 8745 6674 2279 4608 8231 8969 7589 2873 4251 8778 5928 5467 7035 8943 7943 8131 
17 3135 6297 6874 1964 5796 5468 1707 9788 673 5893 451 3613 9413 4812 4095 2114 8942 
23 2556 6380 7392 8551 2613 9734 3150 2340 2793 8525 1171 4459 255 8752 9667 4508 1906 1643 4149 8265 3076 1408 1242 
14 688 8160 4278 6318 6947 6886 9125 8658 7835 548 4189 1576 8080 8594 
17 8830 6832 3782 3258 9083 723 6184 5671 2097 2655 3941 7395 8581 8332 4886 5661 8301 
24 9042 4153 832 3615 8796 5779 7466 9410 6657 3499 6140 4326 5221 7800 8170 9647 1308 564 495 6792 6388 2922 8156 7204 
12 1789 3091 5924 1881 6074 9591 5989 3716 9215 2411 5988 8423 
31 7677 9627 3129 1986 1955 6123 8309 9705 5428 7642 8116 4858 7903 3173 7296 1804 7588 5136 5496 9697 8318 8405 36 8365 9465 2725 1952 7781 4488 669 6080 
23 6247 4366 5998 1193 808 3970 1598 991 9718 5107 7914 8052 6773 1782 9745 2868 2779 5776 411 6895 7789 9719 8499 
11 3389 9933 2427 3419 5509 205 4976 1473 1437 9849 8654 
24 378 9002 6903 9981 3663 2745 3648 6885 7301 8609 1513 7560 9780 8006 8221 7592 9040 2533 8095 4983 7359 1377 3020 8319 
10 8679 3864 8478 2723 1708 6330 6631 6534 5293 124 
25 2178 3583 7041 886 2753 2054 7167 4356 8126 6838 4879 859 5099 7137 2360 8010 9479 5648 8818 5378 1481 6505 2070 3887 6246 
25 5034 3329 4164 8203 5541 656 5433 6537 2790 6925 9652 4221 7090 397 1042 2991 9578 8676 2980 8600 4647 2481 8934 994 9887 
31 4184 3991 7666 6168 2539 7631 9832 8768 7595 4141 7847 7197 1255 8827 8705 5122 173 7743 6561 207 9877 860 5365 4375 466 637 9336 7831 6477 5790 4795 
20 230 6967 9015 4703 8400 9026 1320 7737 1965 198 4573 2612 3835 460 3151 6991 5653 8611 8905 2597 
12 8200 5518 628 6732 3350 7305 4721 7518 8114 8278 7042 8217 
21 7019 6078 5212 3465 3905 6566 4582 5527 5877 3186 595 6709 2950 1762 919 5617 1788 4272 6335 6817 1722 
21 1346 8300 5366 607 4163 7077 8646 8597 7782 1119 5103 4631 1389 6303 4380 3285 4416 488 5688 8363 3825 
5 8982 4735 9443 7467 4865 
16 819 9826 1476 6375 4718 7298 2931 1463 7542 42 8394 6046 4303 5505 176 1009 
24 9255 7086 5686 354 8191 5120 8118 6013 1030 4541 5878 843 5171 4942 7363 4915 3736 8561 1021 8619 3837 1479 6717 573 
14 2777 7960 4262 6180 356 603 7378 8295 1936 269 5010 7878 7311 1577 
11 5140 744 4876 8881 7703 1262 8702 5754 8663 1751 9568 
10 3774 6791 6790 3142 440 7242 685 3914 5836 6524 
19 5809 1480 1282 9604 9908 7610 6513 2740 6376 8151 71 9017 5117 3303 855 4808 5339 8947 1107 
15 2851 3061 2668 1440 9592 3642 611 1483 2827 8919 5846 7184 148 8959 4305 
15 9462 6716 7741 6249 4438 7892 1877 6281 5439 8090 5202 7138 7219 2628 7215 
25 3050 2497 1503 9631 5303 4593 2653 9419 9912 30 4658 582 3699 9583 1371 1603 4727 3187 879 1645 2287 1290 5435 8463 3349 
17 2125 1416 2309 5167 4265 96 4385 8592 8944 2965 1848 1395 5404 4844 4308 5331 1547 
26 3426 2957 3148 3051 8167 5803 2377 2407 6346 9038 1117 2670 4567 7871 5353 5080 1610 9615 9580 5431 1616 1953 2456 5978 5390 3922 
12 742 8813 8325 6531 3515 5197 5320 1083 4 2243 4133 9993 
29 1313 1830 3816 7683 2305 4558 5036 2641 7364 8266 9570 4274 8220 5880 7745 979 7661 9248 9302 5385 1519 5577 7371 51 7241 6637 7577 3158 1652 
23 633 1256 4409 2011 5799 9324 8767 740 4591 2631 3351 8129 2093 6707 8822 6720 8894 1927 5812 7079 9608 8430 7105 
15 9848 3645 9630 7121 3725 6176 7185 1351 2409 1793 784 7669 8282 9294 9599 
21 156 6659 5070 4924 2126 9163 7672 5908 5191 1025 8914 340 6028 7044 3248 5750 3254 3039 6242 8311 8163 
22 3468 1873 1221 7457 7508 8562 561 5658 9361 1806 8936 3516 9006 5521 4378 1552 5362 4614 1962 535 3080 8674 
19 2882 5619 9130 2284 5778 2595 9448 8875 5349 7538 4237 4500 1572 2623 3107 5607 4716 9088 9811 
14 4772 1286 578 7932 3198 9193 3823 8388 3399 8777 654 3702 7146 8113 
31 1240 6012 2605 9477 5477 9562 4410 8816 8379 6989 3909 4125 3077 7912 6722 3686 3982 8103 8720 3630 3598 4738 6696 7089 3084 1347 5825 2069 5873 9970 5149 
20 1565 9751 3524 9712 8413 1819 8242 8750 3763 5411 5005 7062 5401 5257 4991 171 2822 9787 3848 4683 
14 8958 9447 9460 8829 5420 5038 9542 5772 5131 2815 4427 8374 1341 8453 
15 7528 6736 9553 9843 3876 4715 8451 4611 6546 9119 321 5900 7606 5456 2210 
35 6656 6189 8376 4885 9306 4848 4502 168 5285 6498 1281 2440 6213 5746 802 2665 3157 3722 5503 2468 2959 6883 3968 2088 2394 4809 1296 3563 1549 185 804 2823 8949 8622 868 
36 1869 5554 4225 6804 975 6186 4659 6316 2434 6805 572 1729 969 2234 4564 4539 1310 2837 9079 2948 8312 5882 5035 5529 7721 3102 2647 2842 3897 2946 1044 2080 49 4354 5575 6721 
18 8620 1004 7627 4746 959 6560 1775 9001 5338 4928 2936 5148 2157 3558 926 1174 9131 3857 
25 1908 417 3840 1863 9286 85 9033 8615 8176 2568 4677 7267 7630 2596 1538 7195 5807 2379 4108 1506 6445 770 8078 3455 8279 
23 6630 4532 3974 3432 8511 7081 4906 1624 6683 6282 1432 3519 2258 3452 958 2022 6933 1938 6955 9711 3836 3860 391 
22 3731 833 847 7503 9547 8906 7966 738 4051 1162 1099 291 1183 4215 5916 1730 1205 2318 2361 1204 7405 8874 
16 6298 3511 6915 6130 8997 2447 9422 9177 1808 6230 5623 7828 5443 3965 3523 913 
23 7555 3393 9810 2741 9012 659 8616 6648 227 1606 9093 577 3979 2050 3548 2098 9145 6693 9486 9721 6795 1306 5399 
14 7650 2142 6240 2756 4579 6578 6371 9994 2091 5392 8837 6322 7437 5275 
16 680 8344 7798 1846 2063 40 1976 9967 2488 2331 238 6070 1495 6482 1573 7559 
23 376 475 596 9037 2791 147 7425 5957 2713 5042 2154 6785 9175 1342 904 6225 5178 5895 140 1398 3545 8057 9770 
18 6562 7164 8807 9678 3339 1468 8593 1671 5164 8065 5785 6860 4726 6986 9960 5889 5376 5423 
18 2805 6808 7285 8460 2572 4454 6267 2860 745 2890 2594 1301 7496 4383 5973 4047 3945 44 
12 9686 8248 9453 9713 8732 9455 1049 4968 3954 5542 690 8122 
15 589 7648 9835 9748 8317 3320 5121 4504 7544 5078 4977 3591 5682 1191 1120 
